Day	Month	Year	Tmin(C)	Tmax(C)	Prcp(mm)	Et0(mm)
11	7	2022	10.0553846153846	10.3569230769231	0	1.3
12	7	2022	8.00347222222222	8.30694444444444	0	2.48
13	7	2022	7.69861111111111	8.02361111111111	0	2.53
14	7	2022	8.26180555555556	8.56875	0	3.12
15	7	2022	8.52638888888889	8.85486111111111	0	3.01
16	7	2022	9.05347222222222	9.34097222222222	0.43180805034745	3.01
17	7	2022	7.19513888888889	7.46319444444444	0.287872033564967	1.7
18	7	2022	5.56736111111111	5.70486111111111	3.4544644027796	1.05
19	7	2022	6.84166666666667	7.10208333333333	0	2.93
20	7	2022	6.54375	6.81041666666667	0	2.82
21	7	2022	7.47013888888889	7.7625	0	3.17
22	7	2022	7.72083333333333	8.03611111111111	0	2.87
23	7	2022	7.69513888888889	8.02291666666667	0	2.93
24	7	2022	7.45138888888889	7.74583333333333	0	2.46
25	7	2022	7.82708333333333	8.07083333333333	0	2.24
26	7	2022	6.17916666666667	6.40763888888889	0	1.68
27	7	2022	6.58680555555556	6.85833333333333	0	2.52
28	7	2022	7.15555555555556	7.47291666666667	0	2.84
29	7	2022	7.46388888888889	7.75416666666667	0	3.93
30	7	2022	6.94375	7.22222222222222	0	3.57
31	7	2022	8.29583333333333	8.57222222222222	0	3.46
1	8	2022	7.95625	8.25694444444444	0	2.45
2	8	2022	6.75625	7.02291666666667	0	1.51
3	8	2022	6.77986111111111	7.06180555555556	0	1.9
4	8	2022	6.78958333333333	7.04097222222222	0.287872033564967	1.6
5	8	2022	7.04244604316547	7.32517985611511	0	1.82
6	8	2022	7.04236111111111	7.24097222222222	1.87116821817228	1.63
7	8	2022	7.64722222222222	7.93472222222222	0	2.06
8	8	2022	7.24027777777778	7.51666666666667	0	2.21
9	8	2022	6.84722222222222	7.07916666666667	0.287872033564967	1.48
10	8	2022	5.74305555555556	5.92430555555556	3.16659236921463	1.17
11	8	2022	6.7375	6.95277777777778	0.575744067129933	2.85
12	8	2022	7.27361111111111	7.60138888888889	0	3.06
13	8	2022	7.69513888888889	8.00763888888889	0	2.85
14	8	2022	7.85416666666667	8.20277777777778	0	3.59
15	8	2022	8.11944444444444	8.45277777777778	0	3.49
16	8	2022	8.34791666666667	8.68958333333333	0	3.26
17	8	2022	8.51388888888889	8.83680555555556	0	2.75
18	8	2022	8.55625	8.88819444444444	0	3.01
19	8	2022	6.7125	6.97708333333333	0	1.54
20	8	2022	7.55972222222222	7.80972222222222	0	3.16
21	8	2022	6.65	6.96597222222222	0	3.15
22	8	2022	6.13819444444444	6.45	0	3.69
23	8	2022	6.06944444444444	6.36736111111111	0	3.43
24	8	2022	6.20833333333333	6.50902777777778	0	3.89
25	8	2022	6.95069444444444	7.23472222222222	0	4.08
26	8	2022	7.01111111111111	7.31041666666667	0	2.99
27	8	2022	6.75902777777778	7.06458333333333	0	2.7
28	8	2022	5.97361111111111	6.24513888888889	1.15148813425987	1.82
29	8	2022	5.46666666666667	5.69236111111111	0	2.08
30	8	2022	5.0875	5.28402777777778	0	1.37
31	8	2022	7.13958333333333	7.44027777777778	0	3.66
1	9	2022	8.18888888888889	8.50277777777778	0	4.02
2	9	2022	8.36666666666667	8.70555555555556	0	3.97
3	9	2022	6.19444444444444	6.52638888888889	0	1.98
4	9	2022	5.72638888888889	6.00347222222222	0	1.9
5	9	2022	5.92986111111111	6.22222222222222	0	2.34
6	9	2022	6.94861111111111	7.21805555555556	0	3.9
7	9	2022	8.60833333333333	8.96736111111111	0	3.42
8	9	2022	8.18194444444444	8.50138888888889	0	2.79
9	9	2022	7.76527777777778	8.12777777777778	0	3.4
10	9	2022	6.85972222222222	7.08888888888889	0	1.76
11	9	2022	7.71527777777778	8.03541666666667	0	2.73
12	9	2022	8.18888888888889	8.54444444444444	0	3.36
13	9	2022	9.09375	9.40416666666667	0	3.38
14	9	2022	8.04097222222222	8.27013888888889	0	1.6
15	9	2022	7.82361111111111	8.03055555555556	0.287872033564967	1.96
16	9	2022	7.03194444444444	7.20625	0	1.4
17	9	2022	6.8013986013986	7.10839160839161	0	2.19
18	9	2022	8.28125	8.56527777777778	1.00755211747738	3.22
19	9	2022	8.52291666666667	8.82638888888889	0	2.79
20	9	2022	8.54444444444444	8.83819444444444	0	3.69
21	9	2022	8.24791666666667	8.52361111111111	0	3.14
22	9	2022	8.6125	8.91180555555556	0	3.42
23	9	2022	8.54375	8.80763888888889	0	3.84
24	9	2022	7.01805555555556	7.28472222222222	0	2.55
25	9	2022	7.14930555555556	7.47083333333333	8.636161006949	2.45
26	9	2022	8.00972222222222	8.32083333333333	0.143936016782483	3.19
27	9	2022	7.72569444444444	7.98055555555556	0	2.31
28	9	2022	8.36319444444444	8.71458333333333	1.15148813425987	3.29
29	9	2022	7.41666666666667	7.70833333333333	14.2496656614658	2.25
30	9	2022	5.47361111111111	5.60208333333333	1.43936016782483	0.77
1	10	2022	5.63453237410072	5.79424460431655	0	1.15
2	10	2022	6.93333333333333	7.20208333333333	0	3.08
3	10	2022	7.06180555555556	7.32638888888889	0	2.82
4	10	2022	8.10347222222222	8.39305555555556	9.4997771076439	2.4
5	10	2022	7.83888888888889	8.09861111111111	0	2.72
6	10	2022	7.37083333333333	7.67361111111111	0	2.07
7	10	2022	6.61597222222222	6.80833333333333	1.29542415104235	1.31
8	10	2022	6.82222222222222	7.06180555555556	0	2.08
9	10	2022	7.98819444444444	8.27013888888889	0	2.76
10	10	2022	8.00902777777778	8.31944444444444	0	3.51
11	10	2022	8.25	8.56458333333333	0	3.55
12	10	2022	8.40069444444444	8.71527777777778	6.76499278877671	3.01
13	10	2022	8.57152777777778	8.87013888888889	0.719680083912416	3.18
14	10	2022	8.14861111111111	8.40972222222222	5.32563262095188	2.07
15	10	2022	6.16527777777778	6.31458333333333	5.61350465451685	0.88
16	10	2022	7.90555555555556	8.16597222222222	0	2.56
17	10	2022	7.92986111111111	8.13958333333333	3.4544644027796	1.94
18	10	2022	7.92916666666667	8.15833333333333	0	1.83
19	10	2022	8.3	8.50972222222222	1.7272322013898	2.26
20	10	2022	7.67986111111111	7.875	1.7272322013898	1.56
21	10	2022	7.68958333333333	7.95902777777778	9.93158515799135	2.46
22	10	2022	7.40833333333333	7.63958333333333	0.8636161006949	2
23	10	2022	8.00833333333333	8.27569444444444	0	2.71
24	10	2022	7.22430555555556	7.43125	5.46956863773436	1.43
25	10	2022	9.1625	9.43333333333333	0	3.41
26	10	2022	9.38055555555556	9.70833333333333	0	3.79
27	10	2022	8.92361111111111	9.23125	0	3.54
28	10	2022	9.15347222222222	9.43819444444444	0	3.75
29	10	2022	8.46527777777778	8.73125	0	3.68
30	10	2022	8.71527777777778	9.04305555555556	0	5.15
31	10	2022	9.19305555555556	9.50555555555555	0	4.52
1	11	2022	8.81111111111111	9.12708333333333	0	3.72
2	11	2022	7.63402777777778	7.82916666666667	0	2.17
3	11	2022	8.3125	8.59305555555556	0	3.03
4	11	2022	8.69583333333333	8.975	0	3.95
5	11	2022	8.60972222222222	8.92777777777778	0	4.51
6	11	2022	8.74583333333333	9.04791666666667	0	4.14
7	11	2022	8.33263888888889	8.63263888888889	0	3.23
8	11	2022	7.95208333333333	8.26875	9.93158515799135	3.31
9	11	2022	7.6625	7.88333333333333	0	2.11
10	11	2022	7.37708333333333	7.60625	0	2.47
11	11	2022	8.69652777777778	9.00069444444444	0	4.32
12	11	2022	9.19930555555556	9.525	0	5.28
13	11	2022	9.79791666666667	10.1152777777778	0	4.96
14	11	2022	7.9375	8.21527777777778	0	2.69
15	11	2022	7.92152777777778	8.16527777777778	0.287872033564967	2.32
16	11	2022	6.30555555555556	6.47430555555556	0.287872033564967	1.29
17	11	2022	7.35555555555556	7.62013888888889	0	2.41
18	11	2022	8.30138888888889	8.56597222222222	0	3.68
19	11	2022	8.72222222222222	8.99722222222222	0	3.47
20	11	2022	9.08402777777778	9.37291666666667	0	3.66
21	11	2022	8.575	8.88819444444444	7.19680083912416	2.7
22	11	2022	8.10208333333333	8.43611111111111	0	3.46
23	11	2022	7.47847222222222	7.82222222222222	4.74988855382195	2.57
24	11	2022	7.20763888888889	7.42222222222222	3.88627245312705	1.92
25	11	2022	7.44791666666667	7.69444444444444	1.43936016782483	3.23
26	11	2022	8.43125	8.67569444444444	0	4.64
27	11	2022	7.51388888888889	7.76111111111111	0	2.99
28	11	2022	8.61041666666667	8.89583333333333	0	4.17
29	11	2022	7.98055555555556	8.32152777777778	1.00755211747738	3.3
30	11	2022	7.73125	8.00277777777778	0	3.56
1	12	2022	7.04583333333333	7.34444444444444	0	4.17
2	12	2022	6.60694444444444	6.87083333333333	0	3.5
3	12	2022	7.48680555555556	7.79583333333333	0	4.46
4	12	2022	8.36736111111111	8.69305555555556	0	5.6
5	12	2022	7.72569444444444	8.03333333333333	0	4.02
6	12	2022	7.52916666666667	7.82083333333333	0	3.6
7	12	2022	8.29166666666667	8.60069444444444	0	3.87
8	12	2022	9.12986111111111	9.41527777777778	0	3.51
9	12	2022	7.14861111111111	7.42986111111111	0	1.77
10	12	2022	6.57708333333333	6.78125	2.01510423495477	1.7
11	12	2022	7.31805555555556	7.61388888888889	0.287872033564967	3.14
12	12	2022	6.82986111111111	7.10138888888889	4.17414448669201	1.91
13	12	2022	7.10902777777778	7.32430555555556	0	2.17
14	12	2022	7.96319444444444	8.24513888888889	0	3.24
15	12	2022	8.4625	8.72430555555556	0	2.75
16	12	2022	7.07152777777778	7.31388888888889	21.734338534155	1.63
17	12	2022	6.00625	6.17013888888889	23.6055067523273	1.25
18	12	2022	7.37638888888889	7.60694444444444	0.575744067129933	2.78
19	12	2022	7.56875	7.79166666666667	0.575744067129933	2.29
20	12	2022	6.79097222222222	6.94236111111111	0.43180805034745	1.07
21	12	2022	7.24166666666667	7.41388888888889	8.92403304051396	1.67
22	12	2022	7.16458333333333	7.35486111111111	1.43936016782483	1.57
23	12	2022	8.29166666666667	8.56805555555555	0	2.83
24	12	2022	9.34861111111111	9.62430555555556	0	3.28
25	12	2022	9.16597222222222	9.46944444444444	0	3.46
26	12	2022	7.22083333333333	7.41944444444444	0	1.78
27	12	2022	8.02083333333333	8.28402777777778	0	3.19
28	12	2022	8.14652777777778	8.42222222222222	0	2.56
29	12	2022	7.44166666666667	7.66597222222222	4.03020846990953	1.66
30	12	2022	6.88194444444444	7.06666666666667	9.64371312442638	1.15
31	12	2022	5.94097222222222	6.13819444444444	0	1.19
1	1	2023	5.97638888888889	6.16805555555556	1.00755211747738	1.61
2	1	2023	6.41736111111111	6.63541666666667	0	2.66
3	1	2023	7.40277777777778	7.66805555555556	0	3.21
4	1	2023	7.61319444444444	7.88402777777778	0.43180805034745	2.85
5	1	2023	6.96111111111111	7.14791666666667	0.43180805034745	1.86
6	1	2023	7.275	7.51388888888889	0	3.48
7	1	2023	7.42777777777778	7.73611111111111	0	3.68
8	1	2023	8.08888888888889	8.35486111111111	0	3
9	1	2023	7.39722222222222	7.67708333333333	0	2.3
10	1	2023	6.90833333333333	7.18263888888889	3.4544644027796	2.48
11	1	2023	6.84791666666667	7.13263888888889	0	2.05
12	1	2023	6.65555555555556	6.89722222222222	10.6512652419038	2.21
13	1	2023	8.15347222222222	8.43611111111111	0	3.07
14	1	2023	7.05763888888889	7.35694444444444	0	2.62
15	1	2023	6.30694444444444	6.46736111111111	1.15148813425987	1.18
16	1	2023	6.46111111111111	6.64444444444444	0	1.66
17	1	2023	8.49097222222222	8.75694444444444	0	3.47
18	1	2023	6.77361111111111	6.9375	5.75744067129933	1.16
19	1	2023	5.80555555555556	5.98472222222222	8.34828897338403	1.42
20	1	2023	6.21319444444444	6.38541666666667	0	1.93
21	1	2023	6.82777777777778	7.0625	14.3936016782483	2.44
22	1	2023	6.35555555555556	6.59444444444444	10.3633932083388	1.83
23	1	2023	6.31111111111111	6.54166666666667	6.76499278877671	1.93
24	1	2023	6.90208333333333	7.15833333333333	0	2.37
25	1	2023	7.37222222222222	7.64930555555556	0	2.29
26	1	2023	7.26319444444444	7.47361111111111	4.3180805034745	2.48
27	1	2023	7.60902777777778	7.85138888888889	8.636161006949	2.11
28	1	2023	7.62638888888889	7.82013888888889	0	1.64
29	1	2023	8.67638888888889	8.91736111111111	0	3.07
30	1	2023	9.19166666666667	9.41944444444444	0	3.49
31	1	2023	8.30625	8.56111111111111	0	3.61
1	2	2023	6.37569444444444	6.50069444444444	0	0.94
2	2	2023	7.49652777777778	7.66111111111111	0	1.38
3	2	2023	7.27291666666667	7.45555555555556	0.143936016782483	1.53
4	2	2023	7.28055555555556	7.54097222222222	0	1.76
5	2	2023	7.38888888888889	7.63541666666667	0	2.16
6	2	2023	6.825	7.04861111111111	3.4544644027796	1.28
7	2	2023	7.80902777777778	8.08263888888889	0	3.11
8	2	2023	8.70833333333333	8.96944444444444	0	3.16
9	2	2023	8.42013888888889	8.68680555555556	0	2.65
10	2	2023	8.02916666666667	8.25069444444444	5.75744067129933	2.26
11	2	2023	7.96736111111111	8.21736111111111	2.73478431886718	1.86
12	2	2023	7.5875	7.79305555555556	0.575744067129933	1.8
13	2	2023	7.68541666666667	7.86875	0	1.93
14	2	2023	7.40972222222222	7.63194444444444	11.6588173593811	1.89
15	2	2023	7.02569444444444	7.26666666666667	18.4238101481579	2.14
16	2	2023	7.10902777777778	7.36597222222222	4.74988855382195	3.12
17	2	2023	7.59652777777778	7.85347222222222	0	2.85
18	2	2023	7.92986111111111	8.17361111111111	0.143936016782483	3.1
19	2	2023	7.60277777777778	7.76736111111111	0.143936016782483	1.37
20	2	2023	8.62152777777778	8.87847222222222	1.58329618460732	2.83
21	2	2023	7.4875	7.74861111111111	9.78764914120886	2.04
22	2	2023	7.46666666666667	7.66666666666667	0	2.4
23	2	2023	6.85277777777778	7.07777777777778	7.62860888947161	1.7
24	2	2023	7.83402777777778	8.07638888888889	0	2.32
25	2	2023	8.66805555555556	8.94027777777778	0	3
26	2	2023	7.89236111111111	8.20138888888889	15.1132817621607	2.37
27	2	2023	7.19652777777778	7.44583333333333	4.60595253703946	2.59
28	2	2023	7.18888888888889	7.40763888888889	0	3.26
1	3	2023	7.74305555555556	7.96319444444444	2.73478431886718	2.09
2	3	2023	8.70625	8.96527777777778	5.03776058738691	3.9
3	3	2023	7.87708333333333	8.08541666666667	0	1.99
4	3	2023	8.65625	8.91944444444444	2.15904025173725	2.84
5	3	2023	8.02361111111111	8.23055555555556	0	2
6	3	2023	7.47777777777778	7.65	2.5908483020847	2.5
7	3	2023	7.81041666666667	8.02291666666667	15.5450898125082	2.01
8	3	2023	8.02638888888889	8.28055555555556	0	2.8
9	3	2023	8.11944444444444	8.32777777777778	7.05286482234168	2.1
10	3	2023	5.73958333333333	5.86111111111111	24.9009309033696	0.76
11	3	2023	6.51458333333333	6.69722222222222	8.49222499016651	1.63
12	3	2023	6.33611111111111	6.51319444444444	17.9920020978104	1.71
13	3	2023	6.25625	6.44652777777778	31.9537957257113	1.68
14	3	2023	5.18055555555556	5.3125	0	1.26
15	3	2023	6.21458333333333	6.40208333333333	1.87116821817228	1.89
16	3	2023	5.98541666666667	6.18819444444444	5.46956863773436	1.57
17	3	2023	6.26527777777778	6.51041666666667	0.8636161006949	1.8
18	3	2023	5.86111111111111	6.02569444444444	1.29542415104235	1.41
19	3	2023	6.83125	7.10416666666667	2.44691228530222	2.61
20	3	2023	7.22361111111111	7.47847222222222	0	3.6
21	3	2023	7.48472222222222	7.73263888888889	0	3.31
22	3	2023	8.06736111111111	8.33055555555556	0	3.52
23	3	2023	7.85347222222222	8.14930555555556	0	3.82
24	3	2023	7.52708333333333	7.71041666666667	0	2.24
25	3	2023	6.61736111111111	6.8125	1.7272322013898	1.39
26	3	2023	7.53333333333333	7.73680555555556	0	1.94
27	3	2023	6.99236111111111	7.16944444444444	1.43936016782483	1.29
28	3	2023	7.43472222222222	7.67083333333333	0	2.76
29	3	2023	7.65	7.8875	0	2.19
30	3	2023	7.03055555555556	7.24027777777778	0	1.72
31	3	2023	7.75277777777778	8.00208333333333	0	3.34
1	4	2023	7.17430555555556	7.36388888888889	7.19680083912416	2.68
2	4	2023	7.92013888888889	8.15138888888889	1.58329618460732	2.67
3	4	2023	7.79930555555556	8.01597222222222	0.575744067129933	2.69
4	4	2023	7.86944444444444	8.13194444444444	0	2.62
5	4	2023	7.03402777777778	7.22847222222222	1.58329618460732	1.38
6	4	2023	7.06180555555556	7.25138888888889	0	1.98
7	4	2023	6.98263888888889	7.1875	3.02265635243215	1.38
8	4	2023	6.59583333333333	6.75208333333333	5.90137668808181	1.9
9	4	2023	7.26597222222222	7.44791666666667	0	2.14
10	4	2023	7.45416666666667	7.67361111111111	0	2.53
11	4	2023	7.50555555555556	7.73958333333333	0	2.14
12	4	2023	7.72083333333333	7.96319444444444	0.43180805034745	2.73
13	4	2023	7.62222222222222	7.90555555555556	0.43180805034745	2.76
14	4	2023	8.30902777777778	8.56388888888889	0.143936016782483	2.63
15	4	2023	7.82847222222222	8.07083333333333	12.6663694768585	1.96
16	4	2023	7.52361111111111	7.73680555555556	3.4544644027796	2.3
17	4	2023	6.65	6.79166666666667	0	1.21
18	4	2023	7.40138888888889	7.63680555555556	4.89382457060443	1.65
19	4	2023	8.37083333333333	8.61736111111111	0	2.04
20	4	2023	7.79652777777778	8.00972222222222	0	2.26
21	4	2023	6.29583333333333	6.43958333333333	0	0.73
22	4	2023	8.73402777777778	9.00277777777778	0.143936016782483	2.9
23	4	2023	8.17916666666667	8.44444444444444	0	3.04
24	4	2023	7.97569444444444	8.18055555555556	0.719680083912416	1.92
25	4	2023	7.56041666666667	7.83333333333333	0	2.16
26	4	2023	7.39444444444444	7.65555555555556	0	2.48
27	4	2023	7.82569444444444	8.05486111111111	0	2.54
28	4	2023	7.88194444444444	8.11041666666667	0	2.62
29	4	2023	8.17152777777778	8.42847222222222	0	2.89
30	4	2023	7.94166666666667	8.19375	0.143936016782483	3.05
1	5	2023	7.86597222222222	8.10486111111111	0	2.73
2	5	2023	7.69513888888889	7.96666666666667	0	2.36
3	5	2023	7.55277777777778	7.78680555555556	0	1.85
4	5	2023	8.07083333333333	8.34444444444444	0	2.59
5	5	2023	7.85555555555556	8.09513888888889	0	1.88
6	5	2023	6.75645161290323	6.95967741935484	0	0.48
12	6	2023	8.88461538461539	9.14423076923077	0	2.09
13	6	2023	7.34236111111111	7.58263888888889	0	1.77
14	6	2023	6.98125	7.17152777777778	0.287872033564967	1.23
15	6	2023	7.09930555555556	7.3	0	1.47
16	6	2023	6.64861111111111	6.93888888888889	0	2.2
17	6	2023	5.34097222222222	5.59722222222222	0	1.75
18	6	2023	5.94097222222222	6.20347222222222	0.143936016782483	2.7
19	6	2023	6.61666666666667	6.88541666666667	0	2.96
20	6	2023	7.18402777777778	7.43472222222222	0	3.3
21	6	2023	6.85833333333333	7.12777777777778	0	3
22	6	2023	7.64375	7.91111111111111	0	3.07
23	6	2023	7.48541666666667	7.74027777777778	0	2.82
24	6	2023	7.78333333333333	8.02708333333333	0	3.21
25	6	2023	7.47430555555556	7.74513888888889	0	3.08
26	6	2023	7.27916666666667	7.55069444444444	0	2.85
27	6	2023	7.21388888888889	7.49236111111111	0	3.02
28	6	2023	7.38958333333333	7.66666666666667	0	3.07
29	6	2023	7.03194444444444	7.2625	0	1.87
30	6	2023	6.80763888888889	7.08888888888889	0	2.14
1	7	2023	6.37708333333333	6.65069444444444	0	2.67
2	7	2023	7.18541666666667	7.46111111111111	0	3.38
3	7	2023	8.31458333333333	8.59930555555555	0	3.16
4	7	2023	8.58958333333333	8.88541666666667	0	3.03
5	7	2023	8.93472222222222	9.22291666666667	0	2.85
6	7	2023	8.89930555555556	9.16388888888889	0	2.79
7	7	2023	8.62569444444444	8.91527777777778	0	2.83
8	7	2023	7.66180555555556	7.95555555555556	0	2.61
9	7	2023	6.86111111111111	7.13888888888889	0.287872033564967	1.96
10	7	2023	7.0875	7.38472222222222	0	2.42
11	7	2023	7.74305555555556	8.04861111111111	0	2.75
12	7	2023	8.37291666666667	8.65763888888889	0	2.89
13	7	2023	8.02222222222222	8.30763888888889	0	2.88
14	7	2023	7.89791666666667	8.19305555555556	0	2.86
15	7	2023	6.41527777777778	6.63472222222222	0	1.27
16	7	2023	8.19444444444444	8.48472222222222	0	2.75
17	7	2023	7.00486111111111	7.33680555555556	0	2.8
18	7	2023	6.61805555555556	6.88541666666667	0	2.32
19	7	2023	6.71319444444444	6.91388888888889	0	1.98
20	7	2023	6.66319444444444	6.90347222222222	0	2.24
21	7	2023	7.16666666666667	7.45486111111111	0	2.53
22	7	2023	6.61944444444444	6.91388888888889	0	3.1
23	7	2023	7.14027777777778	7.43194444444444	0	3.48
24	7	2023	6.84722222222222	7.15138888888889	0	2.8
25	7	2023	8.77222222222222	9.05138888888889	0	3.41
26	7	2023	9.15555555555556	9.44722222222222	0	3.37
27	7	2023	8.22013888888889	8.53611111111111	0	2.94
28	7	2023	6.96805555555556	7.2625	0	2.29
29	7	2023	7.15208333333333	7.34791666666667	0	1.89
30	7	2023	7.28611111111111	7.57847222222222	0	1.91
31	7	2023	6.88958333333333	7.17361111111111	0	3.68
1	8	2023	6.75138888888889	7.04166666666667	0	3.91
2	8	2023	6.63055555555556	6.93472222222222	0	3.56
3	8	2023	6.77222222222222	7.09583333333333	0	3.19
4	8	2023	6.53680555555556	6.86458333333333	0	2.74
5	8	2023	6.89583333333333	7.20972222222222	0	2.52
6	8	2023	7.91180555555556	8.23472222222222	0	2.62
7	8	2023	7.40694444444444	7.65694444444444	0	2.33
8	8	2023	7.13263888888889	7.38958333333333	0	2.23
9	8	2023	7.11736111111111	7.38888888888889	0	2.37
10	8	2023	7.08194444444444	7.34375	0	2.92
11	8	2023	7.39861111111111	7.68541666666667	0	2.13
12	8	2023	8.28611111111111	8.62430555555556	0	2.9
13	8	2023	7.21944444444444	7.5	0	1.83
14	8	2023	6.53819444444444	6.76111111111111	2.5908483020847	1.29
15	8	2023	7.34722222222222	7.59722222222222	0	2.07
16	8	2023	8.41527777777778	8.71597222222222	1.00755211747738	2.84
17	8	2023	8.17708333333333	8.46111111111111	0	3.44
18	8	2023	9.52152777777778	9.8	0	3.69
19	8	2023	9.23819444444444	9.56388888888889	0	3.61
20	8	2023	8.90694444444444	9.21666666666667	0	3.58
21	8	2023	9.08263888888889	9.37777777777778	0	3.97
22	8	2023	8.7875	9.06319444444444	0	3.86
23	8	2023	8.05138888888889	8.30625	0	2.84
24	8	2023	8.66388888888889	8.96666666666667	0	3.79
25	8	2023	8.71736111111111	9.05486111111111	0	3.41
26	8	2023	8.17847222222222	8.46388888888889	0	2.98
27	8	2023	7.73194444444444	8.04513888888889	0	2.86
28	8	2023	6.64722222222222	6.90208333333333	0	2.39
29	8	2023	8.36458333333333	8.68402777777778	0	3.4
30	8	2023	8.92222222222222	9.27569444444445	0	3.6
31	8	2023	8.78958333333333	9.10833333333333	0	3.31
1	9	2023	8.30902777777778	8.63611111111111	0	2.87
2	9	2023	8.63611111111111	9.02152777777778	0	3.45
3	9	2023	9.55416666666667	9.89097222222222	0	3.33
4	9	2023	7.63541666666667	7.85694444444444	0.575744067129933	1.64
5	9	2023	6.82916666666667	7.09097222222222	0.143936016782483	1.6
6	9	2023	7.00902777777778	7.26944444444444	0	2.5
7	9	2023	8.25972222222222	8.55069444444444	0	3.57
8	9	2023	8.74791666666667	9.05833333333333	0	3.56
9	9	2023	8.27847222222222	8.575	0	3.96
10	9	2023	7.87638888888889	8.16944444444444	0	3.54
11	9	2023	8.61041666666667	8.91527777777778	0	4.19
12	9	2023	8.64444444444444	8.95	0	3.9
13	9	2023	9.27013888888889	9.59444444444444	0	2.72
14	9	2023	8.09930555555556	8.32569444444444	6.18924872164678	1.9
15	9	2023	7.38819444444444	7.59722222222222	0	1.48
16	9	2023	7.82013888888889	8.10486111111111	0.143936016782483	2.26
17	9	2023	7.92083333333333	8.25138888888889	0	3.28
18	9	2023	8.38541666666667	8.69097222222222	0	3.54
19	9	2023	7.95625	8.26319444444444	0.143936016782483	2.65
20	9	2023	7.93472222222222	8.21527777777778	0	2.9
21	9	2023	7.57638888888889	7.79930555555556	0	2.33
22	9	2023	7.93819444444444	8.27291666666667	0	3.44
23	9	2023	6.78888888888889	7.02777777777778	0	1.6
24	9	2023	8.225	8.54166666666667	0	3.1
25	9	2023	9.18819444444444	9.49861111111111	0	3.85
26	9	2023	10.0923611111111	10.4243055555556	0	2.84
27	9	2023	10.63125	10.9354166666667	0	3.85
28	9	2023	10.8263888888889	11.1590277777778	2.30297626851973	4.49
29	9	2023	9.24791666666667	9.51736111111111	7.91648092303658	3.43
30	9	2023	7.42361111111111	7.57916666666667	0.43180805034745	1.18
1	10	2023	8.69236111111111	8.95555555555556	0	2.59
2	10	2023	10.0944444444444	10.4222222222222	0	3.53
3	10	2023	8.94305555555556	9.20625	0	2.74
4	10	2023	8.94722222222222	9.21388888888889	4.46201652025698	2.53
5	10	2023	8.78402777777778	9.04305555555556	3.02265635243215	2.84
6	10	2023	9.63194444444444	9.92569444444444	9.06796905729645	3.82
7	10	2023	10.4305555555556	10.6763888888889	0	3.23
8	10	2023	9.70069444444444	9.93888888888889	0.143936016782483	2.69
9	10	2023	8.33402777777778	8.56319444444444	23.7494427691097	1.81
10	10	2023	7.52152777777778	7.68611111111111	1.15148813425987	1.52
11	10	2023	8.7986013986014	9.06223776223776	0	3.08
12	10	2023	8.35833333333333	8.65347222222222	0	3.48
13	10	2023	8.73263888888889	8.98541666666667	5.1816966041694	2.99
14	10	2023	7.525	7.73819444444444	2.73478431886718	1.85
15	10	2023	7.53263888888889	7.78263888888889	0	2.55
16	10	2023	7.36944444444444	7.56875	0	1.87
17	10	2023	7.61111111111111	7.83541666666667	0.287872033564967	1.52
18	10	2023	7.47847222222222	7.66041666666667	0	1.63
19	10	2023	7.98958333333333	8.26458333333333	0	3.5
20	10	2023	8.29652777777778	8.59513888888889	1.58329618460732	3.38
21	10	2023	6.74583333333333	6.95277777777778	1.7272322013898	1.84
22	10	2023	8.30347222222222	8.55416666666667	0	3.91
23	10	2023	7.71458333333333	7.94166666666667	0	2.19
24	10	2023	9.30833333333333	9.55763888888889	0	3.52
25	10	2023	8.96180555555556	9.19861111111111	1.7272322013898	2.81
26	10	2023	7.49097222222222	7.66875	7.62860888947161	1.36
27	10	2023	7.69722222222222	7.86875	2.5908483020847	1.81
28	10	2023	6.49305555555556	6.66111111111111	0.143936016782483	1.38
29	10	2023	7.39722222222222	7.63263888888889	0	2.94
30	10	2023	8.54652777777778	8.82986111111111	0	3.06
31	10	2023	7.33194444444444	7.54236111111111	1.00755211747738	1.61
1	11	2023	8.44375	8.67708333333333	0	3.54
2	11	2023	8.4125	8.63958333333333	0	2.54
3	11	2023	9.1125	9.35555555555556	0	2.86
4	11	2023	8.00486111111111	8.19583333333333	0	1.17
5	11	2023	7.16111111111111	7.30555555555556	2.44691228530222	1.2
6	11	2023	8.03402777777778	8.22361111111111	0	2.1
7	11	2023	8.58055555555556	8.82569444444444	1.15148813425987	2.7
8	11	2023	8.43333333333333	8.68194444444445	0	2.86
9	11	2023	8.21944444444444	8.45208333333333	0	2.26
10	11	2023	9.98888888888889	10.28125	0.143936016782483	3.46
11	11	2023	9.03472222222222	9.24097222222222	1.43936016782483	1.89
12	11	2023	9.54513888888889	9.78194444444444	0	2.22
13	11	2023	9.06875	9.30902777777778	1.15148813425987	1.79
14	11	2023	9.20763888888889	9.47708333333333	18.5677461649403	2.8
15	11	2023	7.82777777777778	8.01666666666667	4.46201652025698	1.79
16	11	2023	8.19326923076923	8.50961538461539	2.15904025173725	2.19
17	11	2023	8.14583333333333	8.8	8.49222499016651	2.13
18	11	2023	7.75416666666667	8.2875	0.143936016782483	2.55
19	11	2023	8.45625	9.12708333333333	0	3.42
20	11	2023	7.72708333333333	8.23333333333333	0	1.74
21	11	2023	8.24375	8.76875	0	3.9
22	11	2023	8.01041666666667	8.67291666666667	0	4.95
23	11	2023	7.31041666666667	8.02291666666667	0	3.68
24	11	2023	8.47083333333333	8.99583333333333	0	3.47
25	11	2023	9.275	9.85833333333333	0	4.25
26	11	2023	6.76458333333333	7.08541666666667	0	0.64
27	11	2023	7.19583333333333	7.66666666666667	0.143936016782483	1.74
28	11	2023	8.17083333333333	8.85208333333333	0	2.93
29	11	2023	7.65625	8.03958333333333	2.44691228530222	1.65
30	11	2023	7.70625	8.13125	21.158594467025	1.55
1	12	2023	7.68333333333333	8.08125	0	1.6
2	12	2023	8.49791666666667	9.06875	1.15148813425987	2.86
3	12	2023	9.4125	9.87083333333333	1.58329618460732	2.77
4	12	2023	8.94583333333333	9.35208333333333	0.287872033564967	1.72
5	12	2023	7.99166666666667	8.45833333333333	9.06796905729645	1.51
6	12	2023	8.20208333333333	8.65208333333333	12.6663694768585	2.29
7	12	2023	8.28125	8.7	0	1.86
8	12	2023	8.56666666666667	9.08125	0	2.65
9	12	2023	8.68333333333333	9.25208333333333	1.43936016782483	2.51
10	12	2023	8.91875	9.46666666666667	1.87116821817228	2.5
11	12	2023	10.075	10.54375	0	3.39
12	12	2023	9.07291666666667	9.50833333333333	3.16659236921463	2.15
13	12	2023	9.28541666666667	9.74166666666667	1.7272322013898	1.86
14	12	2023	8.83958333333333	9.36458333333333	0	1.73
15	12	2023	9.37083333333333	9.79166666666667	1.58329618460732	2.23
16	12	2023	9.5625	10.0354166666667	11.3709453258162	2.75
17	12	2023	8.29583333333333	8.70208333333333	0	1.43
18	12	2023	8.30625	8.77083333333333	8.34828897338403	1.86
19	12	2023	8.65208333333333	9.18125	3.31052838599712	1.83
20	12	2023	8.0625	8.6125	0	1.57
21	12	2023	8.94583333333333	9.4625	0	2.5
22	12	2023	8.63125	9.10208333333333	7.34073685590665	2.44
23	12	2023	8.62291666666667	9.15	0	2.53
24	12	2023	9.47916666666667	9.94166666666667	0.143936016782483	3.17
25	12	2023	9.01666666666667	9.51041666666667	0	2.06
26	12	2023	8.39375	8.85416666666667	18.1359381145929	2.19
27	12	2023	7.0125	7.26875	5.03776058738691	1.03
28	12	2023	7.77083333333333	8.22708333333333	0	1.82
29	12	2023	7.36041666666667	7.83958333333333	0	1.59
30	12	2023	7.44791666666667	7.875	9.4997771076439	1.6
31	12	2023	6.9	7.19791666666667	7.62860888947161	0.94
1	1	2024	8.03125	8.49375	0.575744067129933	1.84
2	1	2024	8.5125	8.97083333333333	0	2.59
3	1	2024	8.55625	9.1125	1.58329618460732	2.42
4	1	2024	8.13958333333333	8.63125	0.8636161006949	2.01
5	1	2024	8.075	8.53333333333333	0.143936016782483	1.44
6	1	2024	8.99791666666667	9.45208333333333	0.143936016782483	2.28
7	1	2024	8.1125	8.52916666666667	0	1.37
8	1	2024	9.06875	9.59375	0	2.62
9	1	2024	9.09583333333333	9.62291666666667	2.73478431886718	2.9
10	1	2024	8.25416666666667	8.73958333333333	0	1.86
11	1	2024	8.14791666666667	8.67083333333333	0	2.64
12	1	2024	7.60208333333333	8.04583333333333	0	1.76
13	1	2024	7.94166666666667	8.51458333333333	6.33318473842926	2.57
14	1	2024	7.9875	8.49791666666667	2.15904025173725	1.8
15	1	2024	7.91041666666667	8.43958333333333	7.62860888947161	1.88
16	1	2024	8.35625	8.82291666666667	3.02265635243215	2.2
17	1	2024	9.025	9.49375	0.287872033564967	3.05
18	1	2024	8.7125	9.10208333333333	0	1.84
19	1	2024	8.46458333333333	8.88333333333333	0	1.91
20	1	2024	8.96458333333333	9.48541666666667	0.43180805034745	2.25
21	1	2024	8.69375	9.19375	12.810305493641	2.07
22	1	2024	8.72708333333333	9.14791666666667	5.03776058738691	1.99
23	1	2024	9.16458333333333	9.70833333333333	0	3.04
24	1	2024	9.41458333333333	9.95	0	2.63
25	1	2024	10.475	11.0375	0	3.55
26	1	2024	9.95833333333333	10.6145833333333	0.287872033564967	3.47
27	1	2024	8.71666666666667	9.1625	4.03020846990953	1.37
28	1	2024	8.66666666666667	9.04166666666667	9.78764914120886	1.42
29	1	2024	9.90208333333333	10.5083333333333	0	3.16
30	1	2024	10.2770833333333	10.8125	0	3.06
31	1	2024	8.78541666666667	9.24583333333333	8.20435295660155	1.32
1	2	2024	8.36041666666667	8.85	7.48467287268913	1.66
2	2	2024	8.225	8.61458333333333	6.0453127048643	2.28
3	2	2024	7.92291666666667	8.3375	0	1.71
4	2	2024	8.63958333333333	9.05	1.00755211747738	2.81
5	2	2024	8.47916666666667	9.05625	0	3.79
6	2	2024	8.1625	8.70208333333333	0.287872033564967	3.53
7	2	2024	7.95208333333333	8.51458333333333	0.575744067129933	2.91
8	2	2024	8.87916666666667	9.46875	0	3.15
9	2	2024	9.23333333333333	9.76041666666667	0	2.5
10	2	2024	8.62916666666667	9.23958333333333	8.34828897338403	2.4
11	2	2024	8.98333333333333	9.70416666666667	8.636161006949	2.71
12	2	2024	9.1125	9.53125	0	1.71
13	2	2024	8.7875	9.19583333333333	7.34073685590665	1.42
14	2	2024	8.81875	9.25	0.719680083912416	1.77
15	2	2024	8.70208333333333	9.17083333333333	3.31052838599712	1.97
16	2	2024	9.11666666666667	9.61666666666667	0.8636161006949	2.92
17	2	2024	8.32916666666667	8.77083333333333	0	1.86
18	2	2024	8.49791666666667	9.00833333333333	0	2.2
19	2	2024	8.48125	8.875	8.92403304051396	1.38
20	2	2024	8.24166666666667	8.72916666666667	0	3.23
21	2	2024	6.89375	7.43125	0	3.28
22	2	2024	6.92291666666667	7.56875	0	4.05
23	2	2024	7.55625	8.31458333333333	0	4.23
24	2	2024	8.82916666666667	9.5125	0	4.29
25	2	2024	8.48541666666667	9.10208333333333	0	3.94
26	2	2024	7.34375	7.76875	0	1.73
27	2	2024	8.65625	9.17916666666667	0.143936016782483	2.09
28	2	2024	8.9875	9.57708333333333	0	2.97
29	2	2024	7.97916666666667	8.38333333333333	1.43936016782483	1.61
1	3	2024	7.33125	7.74375	0	1.19
2	3	2024	7.60416666666667	8.06875	0	2.03
3	3	2024	7.97291666666667	8.44375	14.2496656614658	2.12
4	3	2024	7.74375	8.17708333333333	13.9617936279009	1.81
5	3	2024	8.79375	9.26666666666667	0	2.31
6	3	2024	8.7	9.19166666666667	8.49222499016651	1.88
7	3	2024	8.84583333333333	9.41666666666667	11.0830732922512	2.43
8	3	2024	8.63125	9.11666666666667	1.58329618460732	1.85
9	3	2024	8.775	9.35208333333333	1.29542415104235	2.49
10	3	2024	8.46666666666667	8.98541666666667	0	1.72
11	3	2024	8.91458333333333	9.43333333333333	0.287872033564967	2.62
12	3	2024	9.38333333333333	9.90833333333333	0	3.2
13	3	2024	8.67083333333333	9.28333333333333	0	2.46
14	3	2024	8.77083333333333	9.26875	1.00755211747738	3.06
15	3	2024	8.94375	9.46041666666667	0	2.91
16	3	2024	8.87083333333333	9.38541666666667	3.88627245312705	2.16
17	3	2024	9.13958333333333	9.6875	0	2.31
18	3	2024	8.27916666666667	8.71041666666667	0.287872033564967	1.47
19	3	2024	7.99583333333333	8.50416666666667	2.15904025173725	1.64
20	3	2024	8.01041666666667	8.54791666666667	0	1.59
21	3	2024	8.32083333333333	8.94791666666667	3.16659236921463	2.29
22	3	2024	7.95833333333333	8.4875	8.92403304051396	1.71
23	3	2024	8.24791666666667	8.61458333333333	0	1.38
24	3	2024	9.45416666666667	9.96458333333333	0	3.28
25	3	2024	9.85208333333333	10.4395833333333	0	4.02
26	3	2024	8.16875	8.55833333333333	0	1.75
27	3	2024	8.76666666666667	9.37083333333333	0	4.04
28	3	2024	9.05416666666667	9.63541666666667	0	4.18
29	3	2024	9.28541666666667	9.99375	0	3.9
30	3	2024	9.03333333333333	9.58125	0	2.27
31	3	2024	8.425	8.97291666666667	0	1.78
1	4	2024	7.22291666666667	7.59791666666667	17.4162580306805	1.15
2	4	2024	7.71666666666667	8.20833333333333	10.7952012586862	1.64
3	4	2024	7.38333333333333	7.75416666666667	7.48467287268913	1.58
4	4	2024	8.03125	8.5	0.143936016782483	2
5	4	2024	8.22708333333333	8.64166666666667	3.16659236921463	2.09
6	4	2024	8.53333333333333	9.02291666666667	0	2.45
7	4	2024	8.79583333333333	9.31458333333333	3.4544644027796	2.41
8	4	2024	8.5625	9.06666666666667	3.74233643634457	1.91
9	4	2024	8.66666666666667	9.12291666666667	1.58329618460732	1.74
10	4	2024	8.7375	9.29375	0.143936016782483	2.44
11	4	2024	8.75	9.31041666666667	3.4544644027796	1.97
12	4	2024	9.16458333333333	9.63958333333333	0	2.45
13	4	2024	9.56875	10.0604166666667	7.19680083912416	2.41
14	4	2024	9.43333333333333	10.00625	0	2.65
15	4	2024	9.58958333333333	10.2833333333333	2.73478431886718	3.01
16	4	2024	9.17708333333333	9.80416666666667	0.287872033564967	2.27
17	4	2024	9.28333333333333	9.79166666666667	0	2.44
18	4	2024	9.76875	10.2833333333333	0.143936016782483	2.7
19	4	2024	8.7875	9.48541666666667	1.7272322013898	2.21
20	4	2024	8.39166666666667	8.8875	2.44691228530222	2.16
21	4	2024	8.225	8.63541666666667	0	1.55
22	4	2024	8.73333333333333	9.2125	0	2.31
23	4	2024	9.09583333333333	9.7125	0	2.79
24	4	2024	8.30625	8.75833333333333	0.575744067129933	2.02
25	4	2024	8.95833333333333	9.46666666666667	0	2.82
26	4	2024	8.83125	9.38541666666667	0	1.92
27	4	2024	8.08958333333333	8.6	1.00755211747738	2.16
28	4	2024	8.26458333333333	8.78125	0	2.58
29	4	2024	8.275	8.78333333333333	1.58329618460732	1.61
30	4	2024	8.575	9.11458333333333	0	2.21
1	5	2024	8.75416666666667	9.35625	0.143936016782483	2.92
2	5	2024	9.71666666666667	10.2541666666667	0	3.11
3	5	2024	8.65	9.12708333333333	11.8027533761636	1.86
4	5	2024	8.84375	9.46041666666667	1.87116821817228	2.34
5	5	2024	9.12916666666667	9.64791666666667	0	3.04
6	5	2024	8.86041666666667	9.42083333333333	0.287872033564967	2.35
7	5	2024	8.73125	9.22291666666667	1.43936016782483	1.65
8	5	2024	8.72916666666667	9.29166666666667	0.43180805034745	2.04
9	5	2024	8.9625	9.5125	1.58329618460732	2.77
10	5	2024	8.54583333333333	8.97916666666667	0.575744067129933	1.46
11	5	2024	9.00208333333333	9.61458333333333	0.287872033564967	2.52
12	5	2024	9.4625	10.0583333333333	0.143936016782483	2.91
13	5	2024	8.70833333333333	9.34791666666667	0.287872033564967	2.29
14	5	2024	8.3625	8.75416666666667	0	1.8
15	5	2024	8.38125	8.9625	0	2.35
16	5	2024	8.11458333333333	8.6625	0.143936016782483	2.13
17	5	2024	9.46458333333333	9.96458333333333	1.00755211747738	2.16
18	5	2024	8.4625	9	1.00755211747738	2.14
19	5	2024	8.14583333333333	8.66875	0.143936016782483	2.57
20	5	2024	8.42916666666667	8.95416666666667	0	3
21	5	2024	8.71875	9.28958333333333	0.287872033564967	3.1
22	5	2024	8.69791666666667	9.31666666666667	0	2.87
23	5	2024	9.35625	9.93958333333333	0	2.97
24	5	2024	9.39791666666667	10.0541666666667	0	2.82
25	5	2024	9	9.625	0	1.92
26	5	2024	8.35	9.00416666666667	10.2194571915563	2.11
27	5	2024	8.77708333333333	9.325	1.00755211747738	2.77
28	5	2024	8.35416666666667	8.9625	2.01510423495477	2.64
29	5	2024	8.31041666666667	8.90416666666667	0	2.81
30	5	2024	8.16041666666667	8.83541666666667	0	2.96
31	5	2024	8.01666666666667	8.61875	0	3.15
1	6	2024	8.51666666666667	9.13333333333333	0	3.02
2	6	2024	8.39166666666667	9.01458333333333	0	2.99
3	6	2024	8.53541666666667	9.17291666666667	0	3.45
4	6	2024	7.31666666666667	7.89583333333333	0	3.17
5	6	2024	8.70416666666667	9.34166666666667	0	2.65
6	6	2024	7.73958333333333	8.37708333333333	0	2.52
7	6	2024	7.97708333333333	8.54583333333333	0	2.57
8	6	2024	8.56666666666667	9.21458333333333	0	2.76
9	6	2024	7.18333333333333	7.72916666666667	0	1.03
10	6	2024	7.54791666666667	8.01666666666667	0	1.34
11	6	2024	7.37916666666667	7.81458333333333	0.143936016782483	1.28
12	6	2024	7.63333333333333	8.07708333333333	0.575744067129933	1.54
13	6	2024	8.90208333333333	9.49166666666667	0	2.77
14	6	2024	8.97708333333333	9.66666666666667	0	2.52
15	6	2024	8.2625	8.87291666666667	0	1.67
16	6	2024	7.15	7.63333333333333	0	1.58
17	6	2024	7.84583333333333	8.32708333333333	0	1.82
18	6	2024	8.58958333333333	9.16458333333333	3.74233643634457	2.66
19	6	2024	8.34583333333333	8.9125	0.43180805034745	2.81
20	6	2024	6.70208333333333	7.16458333333333	3.88627245312705	1.29
21	6	2024	6.19166666666667	6.51875	0	0.88
22	6	2024	8.35	8.89375	0	2.21
23	6	2024	8.11666666666667	8.77291666666667	0.143936016782483	2.71
24	6	2024	7.9125	8.49791666666667	0	2.85
25	6	2024	7.79166666666667	8.3625	0	2.65
26	6	2024	7.37291666666667	7.99375	0	2.59
27	6	2024	7.57291666666667	8.22916666666667	0	2.18
28	6	2024	8.18541666666667	8.75	0	2.73
29	6	2024	7.8875	8.55208333333333	0	2.23
30	6	2024	8.45	9.14166666666667	0	2.36
1	7	2024	7.42291666666667	7.86458333333333	0	1.07
2	7	2024	7.26041666666667	7.85416666666667	0	1.72
3	7	2024	7.68958333333333	8.35208333333333	0	2.89
4	7	2024	8.2875	8.95208333333333	0	2.73
5	7	2024	8.08333333333333	8.71875	0	2.66
6	7	2024	7.08541666666667	7.675	0	2.3
7	7	2024	7.01666666666667	7.58333333333333	0	2.08
8	7	2024	7.50833333333333	8.11458333333333	0	2.32
9	7	2024	7.06041666666667	7.725	0	2.42
10	7	2024	7.575	8.25833333333333	0	2.65
11	7	2024	7.64791666666667	8.39375	0	2.68
12	7	2024	7.23958333333333	7.95	0.143936016782483	2.11
13	7	2024	7.77291666666667	8.34166666666667	0	2.56
14	7	2024	7.87708333333333	8.53958333333333	0	2.66
15	7	2024	7.38541666666667	8.02083333333333	0	3.24
16	7	2024	7.87837837837838	8.60810810810811	0	4.17
